Spot Size;B Spot Size;G Spot Size;R Spot Size
17.77100;13.07452;15.84879;22.91939
17.72595;13.34866;15.73833;22.72100
17.62775;14.18716;15.44482;22.14467
17.58903;15.62961;15.08888;21.25190
17.79766;17.72034;14.88868;20.16303
18.49832;20.49336;15.15793;19.08546
19.94097;23.96766;16.24251;18.34527
22.31100;28.15023;18.39507;18.38085
25.68972;33.04116;21.69459;19.62792
30.07097;38.63758;26.08748;22.32713
35.40484;44.93600;31.47550;26.45822
41.63250;51.93341;37.76869;31.85951
17.72595;13.34866;15.73833;22.72100
17.68702;13.62558;15.63409;22.52570
17.60743;14.47148;15.36000;21.95909
17.60009;15.92369;15.03852;21.08426
17.85199;18.02428;14.88928;20.02434
18.60419;20.80579;15.22352;18.99056
20.09993;24.28675;16.37766;18.31210
22.51727;28.47429;18.59155;18.42489
25.93336;33.36882;21.93684;19.75231
30.34174;38.96786;26.36048;22.51930
35.69445;45.26823;31.76827;26.69869
41.93499;52.26710;38.07412;32.13134
17.62775;14.18716;15.44482;22.14467
17.60743;14.47148;15.36000;21.95909
17.58412;15.33711;15.14617;21.42321
17.67082;16.81552;14.93057;20.60489
18.05083;18.94273;14.93523;19.63570
18.95338;21.74745;15.46130;18.73790
20.60174;25.24683;16.81587;18.24816
23.15386;29.44823;19.20335;18.59168
26.67594;34.35296;22.67724;20.15344
31.16137;39.95948;27.18743;23.11468
36.56781;46.26541;32.65117;27.43148
42.84533;53.26853;38.99312;32.95342
17.58903;15.62961;15.08888;21.25190
17.60009;15.92369;15.03852;21.08426
17.67082;16.81552;14.93057;20.60489
17.91208;18.32910;14.89696;19.88995
18.49757;20.49267;15.15709;19.08482
19.63468;23.32971;15.98775;18.42781
21.51534;26.85529;17.64700;18.26104
24.26932;31.07684;20.29069;18.98189
27.94935;35.99669;23.95252;20.90978
32.55004;41.61452;28.58981;24.16517
38.03756;47.92900;34.13678;28.68778
44.37148;54.93876;40.53321;34.34393
17.79766;17.72034;14.88868;20.16303
17.85199;18.02428;14.88928;20.02434
18.05083;18.94273;14.93523;19.63570
18.49757;20.49267;15.15709;19.08482
19.34745;22.69469;15.75791;18.53445
20.77595;25.56687;16.97121;18.23772
22.93692;29.12180;18.99372;18.52830
25.93054;33.36660;21.93374;19.74901
29.79764;38.30439;25.81173;22.13361
34.53596;43.93599;30.59693;25.74301
40.12169;50.26114;36.24268;30.51103
46.52505;57.27935;42.70521;36.32855
18.49832;20.49336;15.15793;19.08546
18.60419;20.80579;15.22352;18.99056
18.95338;21.74745;15.46130;18.73790
19.63468;23.32971;15.98775;18.42781
20.77595;25.56687;16.97121;18.23772
22.51473;28.47224;18.58870;18.42213
24.96683;32.05588;20.97770;19.27892
28.20684;36.32424;24.21088;21.07082
32.26709;41.28084;28.30380;23.94587
37.14957;46.92733;33.23910;27.92407
42.84019;53.26437;38.98783;32.94738
49.31931;60.29226;45.52120;38.93538
19.94097;23.96766;16.24251;18.34527
20.09992;24.28675;16.37766;18.31210
20.60174;25.24683;16.81587;18.24816
21.51534;26.85529;17.64700;18.26104
22.93692;29.12180;18.99372;18.52830
24.96683;32.05588;20.97770;19.27892
27.68841;35.66532;23.69049;20.74671
31.15655;39.95567;27.18228;23.10886
35.39793;44.93050;31.46824;26.44990
40.41844;50.59195;36.54237;30.77310
46.21200;56.94134;42.38951;36.03759
52.76738;63.97960;48.99283;42.19041
22.31100;28.15023;18.39507;18.38085
22.51727;28.47429;18.59155;18.42489
23.15386;29.44823;19.20335;18.59168
24.26932;31.07683;20.29069;18.98189
25.93053;33.36660;21.93374;19.74901
28.20683;36.32424;24.21088;21.07082
31.15655;39.95567;27.18227;23.10886
34.82011;44.26553;30.88405;25.97374
39.21990;49.25716;35.33146;29.71513
44.36434;54.93295;40.52589;34.33558
50.25299;61.29460;46.46157;39.81237
56.88086;68.34352;53.13010;46.11470
25.68972;33.04116;21.69459;19.62792
25.93336;33.36882;21.93684;19.75231
26.67594;34.35296;22.67724;20.15345
27.94935;35.99668;23.95252;20.90978
29.79763;38.30439;25.81173;22.13361
32.26708;41.28083;28.30379;23.94587
35.39792;44.93049;31.46824;26.44990
39.21989;49.25716;35.33145;29.71513
43.75158;54.26387;39.90759;33.77527
49.00235;59.95302;45.20184;38.63701
54.97516;66.32654;51.21393;44.29148
61.66919;73.38613;57.94089;50.72338
30.07097;38.63758;26.08748;22.32713
30.34174;38.96786;26.36048;22.51930
31.16137;39.95948;27.18742;23.11468
32.55003;41.61451;28.58980;24.16517
34.53595;43.93597;30.59692;25.74301
37.14955;46.92731;33.23909;27.92406
40.41842;50.59193;36.54235;30.77309
44.36432;54.93293;40.52587;34.33557
49.00233;59.95301;45.20182;38.63700
54.34161;65.65447;50.57668;43.68707
60.38679;72.03935;56.65299;49.48534
67.13952;79.10950;63.43098;56.02610
35.40484;44.93600;31.47550;26.45822
35.69445;45.26822;31.76827;26.69869
36.56780;46.26540;32.65116;27.43147
38.03754;47.92899;34.13676;28.68777
40.12166;50.26112;36.24266;30.51102
42.84016;53.26434;38.98780;32.94736
46.21196;56.94130;42.38948;36.03756
50.25295;61.29456;46.46153;39.81234
54.97512;66.32651;51.21389;44.29145
60.38676;72.03932;56.65296;49.48531
66.49305;78.43504;62.78247;55.39768
73.29697;85.51563;69.60437;62.02821
41.63250;51.93341;37.76869;31.85951
41.93499;52.26710;38.07412;32.13134
42.84532;53.26852;38.99311;32.95342
44.37146;54.93874;40.53319;34.34391
46.52502;57.27932;42.70518;36.32852
49.31927;60.29222;45.52116;38.93534
52.76732;63.97954;48.99277;42.19036
56.88079;68.34345;53.13003;46.11463
61.66912;73.38607;57.94082;50.72331
67.13946;79.10945;63.43091;56.02604
73.29693;85.51559;69.60433;62.02817
80.14510;92.60652;76.46381;68.73206
