
\\usagers2.copl.ulaval.ca\usagers\SERAB1\My Documents\Zemaxe_3D_project\Best_for_simulation\2022-01\single_lens_MLA_630_FT_stop_convex_best_collimat_2022-04_FoV_fullEI_r1.52.zmx_SpotSize.txt

Spot Size;B Spot Size;G Spot Size;R Spot Size
17.77100;13.07452;15.84879;22.91939
17.86544;13.52028;15.87953;22.81834
18.18312;14.82390;16.01332;22.54205
18.82103;16.91013;16.37110;22.17423
19.91919;19.70654;17.13578;21.86319
21.62782;23.16585;18.51233;21.82642
24.07153;27.26533;20.67238;22.33614
27.32751;31.99851;23.71496;23.66975
31.42583;37.36762;27.66662;26.03640
36.36418;43.37877;32.50866;29.52950
42.12438;50.03938;38.20519;34.13921
48.68383;57.35695;44.71967;39.80078
17.86544;13.52028;15.87953;22.81834
17.96566;13.96007;15.91722;22.72173
18.30010;15.24881;16.07158;22.45907
18.96385;17.31719;16.46208;22.11497
20.09356;20.09721;17.26813;21.83870
21.83515;23.54332;18.68891;21.84770
24.30922;27.63289;20.88976;22.41160
27.59054;32.35888;23.96564;23.80187
31.70854;37.72287;27.94220;26.22045
36.66151;43.73041;32.80193;29.75580
42.43235;50.38851;38.51075;34.39703
48.99950;57.70434;45.03377;40.08097
18.18312;14.82390;16.01332;22.54205
18.30010;15.24881;16.07158;22.45907
18.68296;16.49989;16.28636;22.23825
19.42093;18.52214;16.77214;21.96658
20.64072;21.25878;17.69725;21.79567
22.47589;24.66925;19.24388;21.94187
25.03594;28.73156;21.55999;22.66596
28.38900;33.43752;24.72972;24.22154
32.56290;38.78709;28.77659;26.79003
37.55760;44.78440;33.68651;30.44667
43.35896;51.43530;39.43043;35.17829
49.94832;58.74615;45.97799;40.92653
18.82103;16.91013;16.37110;22.17423
18.96385;17.31719;16.46208;22.11497
19.42093;18.52214;16.77214;21.96658
20.27160;20.48584;17.40568;21.81909
21.62668;23.16524;18.51167;21.82589
23.60120;26.52694;20.24598;22.19842
26.28881;30.55082;22.73199;23.17999
29.74853;35.22781;26.03976;24.99471
34.00605;40.55613;30.19063;27.79385
39.06377;46.53811;35.17554;31.63538
44.91169;53.17813;40.97256;36.50471
51.53533;60.48139;47.55772;42.35139
19.91919;19.70654;17.13578;21.86319
20.09356;20.09721;17.26813;21.83870
20.64072;21.25878;17.69725;21.79567
21.62668;23.16524;18.51167;21.82589
23.14235;25.78613;19.83390;22.08074
25.28100;29.09578;21.78823;22.75910
28.11865;33.07705;24.47150;24.07631
31.70451;37.72089;27.93982;26.21805
36.06204;43.02425;32.21297;29.30188
41.19620;48.98787;37.28749;33.36951
47.10148;55.61466;43.14912;38.40752
53.76796;62.90861;49.78085;44.37586
21.62782;23.16585;18.51233;21.82642
21.83515;23.54332;18.68891;21.84770
22.47589;24.66925;19.24388;21.94187
23.60120;26.52694;20.24598;22.19842
25.28100;29.09578;21.78823;22.75910
27.58688;32.35708;23.96348;23.79981
30.57801;36.29714;26.84432;25.49886
34.29429;40.90779;30.47485;28.00042
38.75688;46.18544;34.87372;31.39133
43.97287;52.12972;40.04241;35.70157
49.94079;58.74234;45.97353;40.92173
56.65501;66.02622;52.65652;47.02316
24.07153;27.26533;20.67238;22.33614
24.30922;27.63289;20.88976;22.41160
25.03594;28.73156;21.55999;22.66596
26.28881;30.55082;22.73199;23.17999
28.11865;33.07705;24.47150;24.07631
30.57801;36.29714;26.84432;25.49886
33.71145;40.20072;29.90318;27.58539
37.55067;44.78098;33.68241;30.44237
42.11436;50.03440;38.19927;34.13290
47.41093;55.96004;43.45876;38.68030
53.44200;62.55879;49.45876;44.08067
60.20545;69.83275;56.19392;50.31613
27.32751;31.99851;23.71496;23.66975
27.59054;32.35888;23.96564;23.80187
28.38900;33.43752;24.72972;24.22154
29.74852;35.22781;26.03976;24.99471
31.70450;37.72089;27.93982;26.21805
34.29429;40.90779;30.47485;28.00042
37.55066;44.78098;33.68241;30.44237
41.49836;49.33513;37.58887;33.62044
46.15348;54.56718;42.20960;37.58123
51.52484;60.47605;47.55151;42.34471
57.61608;67.06217;53.61598;47.91224
64.42767;74.32708;60.40142;54.27482
31.42583;37.36762;27.66662;26.03640
31.70854;37.72287;27.94220;26.22045
32.56290;38.78709;28.77659;26.79003
34.00604;40.55612;30.19063;27.79386
36.06203;43.02425;32.21297;29.30188
38.75687;46.18543;34.87371;31.39133
42.11435;50.03439;38.19926;34.13290
46.15347;54.56718;42.20960;37.58123
50.88774;59.78137;46.91787;41.77158
56.32568;65.67601;52.33154;46.72186
62.47202;72.25134;58.45399;52.43725
69.32891;79.50860;65.28611;58.91516
36.36418;43.37877;32.50866;29.52950
36.66151;43.73041;32.80193;29.75580
37.55760;44.78439;33.68651;30.44667
39.06376;46.53810;35.17554;31.63538
41.19618;48.98786;37.28748;33.36951
43.97285;52.12970;40.04240;35.70157
47.41090;55.96002;43.45875;38.68030
51.52481;60.47603;47.55149;42.34470
56.32567;65.67599;52.33153;46.72185
61.82127;71.55921;57.80603;51.82769
68.01672;78.12594;63.97928;57.66951
74.91515;85.37727;70.85362;64.24881
42.12438;50.03938;38.20519;34.13921
42.43235;50.38851;38.51075;34.39703
43.35895;51.43530;39.43042;35.17829
44.91168;53.17812;40.97255;36.50470
47.10145;55.61464;43.14910;38.40752
49.94075;58.74231;45.97351;40.92172
53.44195;62.55876;49.45873;44.08065
57.61603;67.06213;53.61595;47.91222
62.47198;72.25131;58.45396;52.43723
68.01669;78.12592;63.97926;57.66949
74.25520;84.68634;70.19637;63.61701
81.19112;91.93365;77.10835;70.28357
48.68383;57.35695;44.71967;39.80078
48.99950;57.70434;45.03377;40.08097
49.94831;58.74615;45.97799;40.92653
51.53530;60.48137;47.55771;42.35138
53.76792;62.90858;49.78082;44.37584
56.65495;66.02618;52.65648;47.02313
60.20538;69.83270;56.19387;50.31609
64.42759;74.32703;60.40137;54.27477
69.32883;79.50855;65.28605;58.91511
74.91508;85.37722;70.85357;64.24876
81.19108;91.93362;77.10832;70.28354
88.16059;99.17885;84.05367;77.02427
